[Goal1]
x = -1.6432411670684814
y = -1.534674882888794
z = 0.0
qx = 0.0
qy = 0.0
qz = 0.012682857814734773
qw = 0.9999195693242788

[Goal2]
x = 1.4495035409927368
y = -0.7773871421813965
z = 0.0
qx = 0.0
qy = 0.0
qz = 0.33212247581354043
qw = 0.9432362700084662

[Goal3]
x = -3.2319178581237793
y = 1.6667823791503906
z = 0.0
qx = 0.0
qy = 0.0
qz = -0.9745060631293987
qw = 0.22436116625664146

[Goal4]
x = -3.9826786518096924
y = -1.2032727003097534
z = 0.0
qx = 0.0
qy = 0.0
qz = -0.3964996657122969
qw = 0.9180348659446638
