[Goal1]
x = -5.10997200012207
y = 0.9197222590446472
z = 0.0
qx = 0.0
qy = 0.0
qz = -0.19971119670970153
qw = 0.9798548045035953

[Goal2]
x = -3.368473768234253
y = -1.4835457801818848
z = 0.0
qx = 0.0
qy = 0.0
qz = -0.006086711906244053
qw = 0.9999814757975122

[Goal3]
x = 0.654049277305603
y = -1.0122532844543457
z = 0.0
qx = 0.0
qy = 0.0
qz = 0.4533136768004362
qw = 0.8913510590253818

[Goal4]
x = -0.02072441577911377
y = 1.3703696727752686
z = 0.0
qx = 0.0
qy = 0.0
qz = 0.9999819692955573
qw = 0.006005088157480389
