[Goal1]
x = -5.792654514312744
y = 1.001030445098877
z = 0.0
qx = 0.0
qy = 0.0
qz = -0.9569076407617232
qw = 0.29039243628550826

[Goal2]
x = -4.250525951385498
y = -1.3973186016082764
z = 0.0
qx = 0.0
qy = 0.0
qz = -0.050173888478398064
qw = 0.9987404972839328

[Goal3]
x = 1.4922915697097778
y = -1.1375527381896973
z = 0.0
qx = 0.0
qy = 0.0
qz = 0.3010315079429464
qw = 0.9536141941191919

[Goal4]
x = -0.7411211729049683
y = 1.4488471746444702
z = 0.0
qx = 0.0
qy = 0.0
qz = -0.9998699520802634
qw = 0.016126962733625672
