[Goal1]
x = 1.5651012659072876
y = -1.7651610374450684
z = 0.0
qx = 0.0
qy = 0.0
qz = 0.011758203677138408
qw = 0.9999308699336604
