[Goal1]
x = 1.854689359664917
y = 0.9782741665840149
z = 0.0
qx = 0.0
qy = 0.0
qz = -0.7007634807798986
qw = 0.7133936809400828

[Goal2]
x = 1.8925458192825317
y = -1.9738376140594482
z = 0.0
qx = 0.0
qy = 0.0
qz = -0.7066830518092145
qw = 0.7075302567986863
